/*---------------------------------------------------------------------------*\
| =========                |                                                 |
| \      /  F ield         | OpenFOAM: The Open Source CFD Toolbox           |
|  \    /   O peration     | Script: generate_cmesh.py                       |
|   \  /    A nd           | Time: 2026-08-04 18:36:33.037534                |
|    \/     M anipulation  |                                                 |
\*---------------------------------------------------------------------------*/
FoamFile
{
    version     2.0;
    format      ascii;
    class       dictionary;
    object      blockMeshDict;
}
// * * * * * * * * * * * * * * * * * * * * * * * * * * * * * * * * * * * * * //

vertices
(
	(-9.70000000 0.00000000 0.00000000) // 0
	(0.00000000 0.00000000 0.00000000) // 1
	(0.30716179 0.09183199 0.00000000) // 2
	(0.30000000 10.00000000 0.00000000) // 3
	(-9.70000000 0.00000000 0.01000000) // 4
	(0.00000000 0.00000000 0.01000000) // 5
	(0.30716179 0.09183199 0.01000000) // 6
	(0.30000000 10.00000000 0.01000000) // 7
	(0.30000000 -10.00000000 0.00000000) // 8
	(0.30066191 -0.02434082 0.00000000) // 9
	(0.30000000 -10.00000000 0.01000000) // 10
	(0.30066191 -0.02434082 0.01000000) // 11
	(0.99991827 0.00088256 0.00000000) // 12
	(0.99800000 10.00000000 0.00000000) // 13
	(0.99991827 0.00088256 0.01000000) // 14
	(0.99800000 10.00000000 0.01000000) // 15
	(0.99800000 -10.00000000 0.00000000) // 16
	(0.99974397 -0.00111748 0.00000000) // 17
	(0.99800000 -10.00000000 0.01000000) // 18
	(0.99974397 -0.00111748 0.01000000) // 19
	(10.99800000 0.00088256 0.00000000) // 20
	(10.99800000 10.00000000 0.00000000) // 21
	(10.99800000 0.00088256 0.01000000) // 22
	(10.99800000 10.00000000 0.01000000) // 23
	(10.99800000 -10.00000000 0.00000000) // 24
	(10.99800000 -0.00111748 0.00000000) // 25
	(10.99800000 -10.00000000 0.01000000) // 26
	(10.99800000 -0.00111748 0.01000000) // 27
);

blocks
(
	hex ( 0 1 2 3 4 5 6 7 )  ( 62 60 1 ) simpleGrading ( 0.000994719466547771 1 1 ) // 0 
	hex ( 0 8 9 1 4 10 11 5 )  ( 60 62 1 ) simpleGrading ( 1 0.000994719466547771 1 ) // 1 
	hex ( 2 12 13 3 6 14 15 7 )  ( 65 62 1 ) edgeGrading ( 4.0 4.0 4.0 4.0 1005.308565509988 1005.3085655099893 1005.3085655099893 1005.308565509988 1 1 1 1 ) // 2 
	hex ( 9 8 16 17 11 10 18 19 )  ( 62 65 1 ) edgeGrading ( 1005.308565509988 1005.3085655099893 1005.3085655099893 1005.308565509988 4.0 4.0 4.0 4.0 1 1 1 1 ) // 3 
	hex ( 12 20 21 13 14 22 23 15 )  ( 67 62 1 ) simpleGrading ( 25.031895587138223 1005.3085655099893 1 ) // 4 
	hex ( 17 16 24 25 19 18 26 27 )  ( 62 67 1 ) simpleGrading ( 1005.3085655099893 25.031895587138223 1 ) // 5 
	hex ( 12 17 25 20 14 19 27 22 )  ( 3 67 1 ) simpleGrading ( 1 25.031895587138223 1 ) // 6 
);

edges
(
	arc 0 3 (-6.77106781 7.07106781 0.00000000) // arc 0 3 origin 1 (0.30000000 0.00000000 0.00000000)
		spline 1 2 ((0.00065905 0.00345834 0.00000000) (0.00177577 0.00655118 0.00000000) (0.00325809 0.00948754 0.00000000) (0.00501594 0.01226827 0.00000000) (0.00698626 0.01490295 0.00000000) (0.00912291 0.01740469 0.00000000) (0.01139473 0.01978441 0.00000000) (0.01377875 0.02205176 0.00000000) (0.01625639 0.02421630 0.00000000) (0.01881217 0.02628804 0.00000000) (0.02143398 0.02827548 0.00000000) (0.02411266 0.03018547 0.00000000) (0.02684062 0.03202444 0.00000000) (0.02961127 0.03379836 0.00000000) (0.03241968 0.03551184 0.00000000) (0.03526172 0.03716887 0.00000000) (0.03813380 0.03877330 0.00000000) (0.04103264 0.04032883 0.00000000) (0.04395561 0.04183847 0.00000000) (0.04690065 0.04330458 0.00000000) (0.04986582 0.04472950 0.00000000) (0.05284935 0.04611557 0.00000000) (0.05584960 0.04746509 0.00000000) (0.05886533 0.04877957 0.00000000) (0.06189564 0.05006010 0.00000000) (0.06493960 0.05130780 0.00000000) (0.06799631 0.05252394 0.00000000) (0.07106488 0.05370983 0.00000000) (0.07414456 0.05486657 0.00000000) (0.07723475 0.05599490 0.00000000) (0.08033491 0.05709551 0.00000000) (0.08344452 0.05816915 0.00000000) (0.08656306 0.05921658 0.00000000) (0.08969002 0.06023857 0.00000000) (0.09282496 0.06123580 0.00000000) (0.09596749 0.06220887 0.00000000) (0.09911722 0.06315835 0.00000000) (0.10227379 0.06408481 0.00000000) (0.10543688 0.06498879 0.00000000) (0.10860615 0.06587083 0.00000000) (0.11178130 0.06673145 0.00000000) (0.11496205 0.06757116 0.00000000) (0.11814812 0.06839041 0.00000000) (0.12133926 0.06918969 0.00000000) (0.12453523 0.06996943 0.00000000) (0.12773582 0.07073001 0.00000000) (0.13094080 0.07147182 0.00000000) (0.13414998 0.07219524 0.00000000) (0.13736317 0.07290068 0.00000000) (0.14058017 0.07358850 0.00000000) (0.14380080 0.07425910 0.00000000) (0.14702489 0.07491283 0.00000000) (0.15025230 0.07555001 0.00000000) (0.15348287 0.07617094 0.00000000) (0.15671646 0.07677596 0.00000000) (0.15995293 0.07736537 0.00000000) (0.16319214 0.07793950 0.00000000) (0.16643397 0.07849868 0.00000000) (0.16967828 0.07904323 0.00000000) (0.17292497 0.07957342 0.00000000) (0.17617393 0.08008955 0.00000000) (0.17942504 0.08059191 0.00000000) (0.18267821 0.08108076 0.00000000) (0.18593333 0.08155641 0.00000000) (0.18919032 0.08201913 0.00000000) (0.19244907 0.08246921 0.00000000) (0.19570951 0.08290693 0.00000000) (0.19897155 0.08333252 0.00000000) (0.20223512 0.08374624 0.00000000) (0.20550014 0.08414833 0.00000000) (0.20876654 0.08453903 0.00000000) (0.21203426 0.08491858 0.00000000) (0.21530323 0.08528721 0.00000000) (0.21857338 0.08564515 0.00000000) (0.22184466 0.08599265 0.00000000) (0.22511701 0.08632988 0.00000000) (0.22839038 0.08665701 0.00000000) (0.23166474 0.08697419 0.00000000) (0.23494002 0.08728159 0.00000000) (0.23821620 0.08757936 0.00000000) (0.24149322 0.08786767 0.00000000) (0.24477105 0.08814666 0.00000000) (0.24804964 0.08841650 0.00000000) (0.25132896 0.08867733 0.00000000) (0.25460898 0.08892925 0.00000000) (0.25788966 0.08917237 0.00000000) (0.26117097 0.08940679 0.00000000) (0.26445289 0.08963260 0.00000000) (0.26773538 0.08984991 0.00000000) (0.27101842 0.09005883 0.00000000) (0.27430197 0.09025946 0.00000000) (0.27758601 0.09045190 0.00000000) (0.28087051 0.09063627 0.00000000) (0.28415545 0.09081265 0.00000000) (0.28744081 0.09098115 0.00000000) (0.29072656 0.09114185 0.00000000) (0.29401268 0.09129487 0.00000000) (0.29729914 0.09144029 0.00000000) (0.30058592 0.09157821 0.00000000) (0.30387300 0.09170872 0.00000000))
	arc 4 7 (-6.77106781 7.07106781 0.01000000) // arc 4 7 origin 1 (0.30000000 0.00000000 0.01000000)
		spline 5 6 ((0.00065905 0.00345834 0.01000000) (0.00177577 0.00655118 0.01000000) (0.00325809 0.00948754 0.01000000) (0.00501594 0.01226827 0.01000000) (0.00698626 0.01490295 0.01000000) (0.00912291 0.01740469 0.01000000) (0.01139473 0.01978441 0.01000000) (0.01377875 0.02205176 0.01000000) (0.01625639 0.02421630 0.01000000) (0.01881217 0.02628804 0.01000000) (0.02143398 0.02827548 0.01000000) (0.02411266 0.03018547 0.01000000) (0.02684062 0.03202444 0.01000000) (0.02961127 0.03379836 0.01000000) (0.03241968 0.03551184 0.01000000) (0.03526172 0.03716887 0.01000000) (0.03813380 0.03877330 0.01000000) (0.04103264 0.04032883 0.01000000) (0.04395561 0.04183847 0.01000000) (0.04690065 0.04330458 0.01000000) (0.04986582 0.04472950 0.01000000) (0.05284935 0.04611557 0.01000000) (0.05584960 0.04746509 0.01000000) (0.05886533 0.04877957 0.01000000) (0.06189564 0.05006010 0.01000000) (0.06493960 0.05130780 0.01000000) (0.06799631 0.05252394 0.01000000) (0.07106488 0.05370983 0.01000000) (0.07414456 0.05486657 0.01000000) (0.07723475 0.05599490 0.01000000) (0.08033491 0.05709551 0.01000000) (0.08344452 0.05816915 0.01000000) (0.08656306 0.05921658 0.01000000) (0.08969002 0.06023857 0.01000000) (0.09282496 0.06123580 0.01000000) (0.09596749 0.06220887 0.01000000) (0.09911722 0.06315835 0.01000000) (0.10227379 0.06408481 0.01000000) (0.10543688 0.06498879 0.01000000) (0.10860615 0.06587083 0.01000000) (0.11178130 0.06673145 0.01000000) (0.11496205 0.06757116 0.01000000) (0.11814812 0.06839041 0.01000000) (0.12133926 0.06918969 0.01000000) (0.12453523 0.06996943 0.01000000) (0.12773582 0.07073001 0.01000000) (0.13094080 0.07147182 0.01000000) (0.13414998 0.07219524 0.01000000) (0.13736317 0.07290068 0.01000000) (0.14058017 0.07358850 0.01000000) (0.14380080 0.07425910 0.01000000) (0.14702489 0.07491283 0.01000000) (0.15025230 0.07555001 0.01000000) (0.15348287 0.07617094 0.01000000) (0.15671646 0.07677596 0.01000000) (0.15995293 0.07736537 0.01000000) (0.16319214 0.07793950 0.01000000) (0.16643397 0.07849868 0.01000000) (0.16967828 0.07904323 0.01000000) (0.17292497 0.07957342 0.01000000) (0.17617393 0.08008955 0.01000000) (0.17942504 0.08059191 0.01000000) (0.18267821 0.08108076 0.01000000) (0.18593333 0.08155641 0.01000000) (0.18919032 0.08201913 0.01000000) (0.19244907 0.08246921 0.01000000) (0.19570951 0.08290693 0.01000000) (0.19897155 0.08333252 0.01000000) (0.20223512 0.08374624 0.01000000) (0.20550014 0.08414833 0.01000000) (0.20876654 0.08453903 0.01000000) (0.21203426 0.08491858 0.01000000) (0.21530323 0.08528721 0.01000000) (0.21857338 0.08564515 0.01000000) (0.22184466 0.08599265 0.01000000) (0.22511701 0.08632988 0.01000000) (0.22839038 0.08665701 0.01000000) (0.23166474 0.08697419 0.01000000) (0.23494002 0.08728159 0.01000000) (0.23821620 0.08757936 0.01000000) (0.24149322 0.08786767 0.01000000) (0.24477105 0.08814666 0.01000000) (0.24804964 0.08841650 0.01000000) (0.25132896 0.08867733 0.01000000) (0.25460898 0.08892925 0.01000000) (0.25788966 0.08917237 0.01000000) (0.26117097 0.08940679 0.01000000) (0.26445289 0.08963260 0.01000000) (0.26773538 0.08984991 0.01000000) (0.27101842 0.09005883 0.01000000) (0.27430197 0.09025946 0.01000000) (0.27758601 0.09045190 0.01000000) (0.28087051 0.09063627 0.01000000) (0.28415545 0.09081265 0.01000000) (0.28744081 0.09098115 0.01000000) (0.29072656 0.09114185 0.01000000) (0.29401268 0.09129487 0.01000000) (0.29729914 0.09144029 0.01000000) (0.30058592 0.09157821 0.01000000) (0.30387300 0.09170872 0.01000000))
	arc 0 8 (-6.77106781 -7.07106781 0.00000000) // arc 0 8 origin 1 (0.30000000 0.00000000 0.00000000)
		spline 9 1 ((0.29759712 -0.02442559 0.00000000) (0.29453360 -0.02450812 0.00000000) (0.29147002 -0.02458845 0.00000000) (0.28840639 -0.02466663 0.00000000) (0.28534271 -0.02474267 0.00000000) (0.28227897 -0.02481661 0.00000000) (0.27921519 -0.02488848 0.00000000) (0.27615135 -0.02495829 0.00000000) (0.27308747 -0.02502608 0.00000000) (0.27002355 -0.02509188 0.00000000) (0.26695959 -0.02515569 0.00000000) (0.26389558 -0.02521752 0.00000000) (0.26083154 -0.02527738 0.00000000) (0.25776746 -0.02533526 0.00000000) (0.25470334 -0.02539115 0.00000000) (0.25163919 -0.02544505 0.00000000) (0.24857500 -0.02549692 0.00000000) (0.24551077 -0.02554673 0.00000000) (0.24244652 -0.02559445 0.00000000) (0.23938223 -0.02564006 0.00000000) (0.23631791 -0.02568354 0.00000000) (0.23325356 -0.02572485 0.00000000) (0.23018918 -0.02576398 0.00000000) (0.22712477 -0.02580090 0.00000000) (0.22406034 -0.02583559 0.00000000) (0.22099588 -0.02586801 0.00000000) (0.21793140 -0.02589814 0.00000000) (0.21486690 -0.02592594 0.00000000) (0.21180238 -0.02595140 0.00000000) (0.20873784 -0.02597448 0.00000000) (0.20567328 -0.02599515 0.00000000) (0.20260870 -0.02601338 0.00000000) (0.19954411 -0.02602913 0.00000000) (0.19647951 -0.02604237 0.00000000) (0.19341490 -0.02605303 0.00000000) (0.19035029 -0.02606107 0.00000000) (0.18728566 -0.02606644 0.00000000) (0.18422103 -0.02606908 0.00000000) (0.18115641 -0.02606897 0.00000000) (0.17809178 -0.02606605 0.00000000) (0.17502715 -0.02606028 0.00000000) (0.17196254 -0.02605159 0.00000000) (0.16889793 -0.02603987 0.00000000) (0.16583334 -0.02602504 0.00000000) (0.16276876 -0.02600701 0.00000000) (0.15970421 -0.02598569 0.00000000) (0.15663968 -0.02596098 0.00000000) (0.15357518 -0.02593281 0.00000000) (0.15051071 -0.02590107 0.00000000) (0.14744629 -0.02586564 0.00000000) (0.14438191 -0.02582640 0.00000000) (0.14131758 -0.02578322 0.00000000) (0.13825332 -0.02573595 0.00000000) (0.13518912 -0.02568440 0.00000000) (0.13212500 -0.02562837 0.00000000) (0.12906097 -0.02556764 0.00000000) (0.12599704 -0.02550205 0.00000000) (0.12293323 -0.02543140 0.00000000) (0.11986953 -0.02535554 0.00000000) (0.11680598 -0.02527428 0.00000000) (0.11374258 -0.02518728 0.00000000) (0.11067936 -0.02509414 0.00000000) (0.10761635 -0.02499447 0.00000000) (0.10455357 -0.02488788 0.00000000) (0.10149106 -0.02477392 0.00000000) (0.09842884 -0.02465218 0.00000000) (0.09536696 -0.02452221 0.00000000) (0.09230546 -0.02438359 0.00000000) (0.08924439 -0.02423588 0.00000000) (0.08618378 -0.02407863 0.00000000) (0.08312372 -0.02391126 0.00000000) (0.08006426 -0.02373316 0.00000000) (0.07700547 -0.02354375 0.00000000) (0.07394745 -0.02334251 0.00000000) (0.07089026 -0.02312893 0.00000000) (0.06783399 -0.02290242 0.00000000) (0.06477878 -0.02266212 0.00000000) (0.06172476 -0.02240711 0.00000000) (0.05867210 -0.02213633 0.00000000) (0.05562100 -0.02184848 0.00000000) (0.05257169 -0.02154223 0.00000000) (0.04952442 -0.02121621 0.00000000) (0.04647949 -0.02086899 0.00000000) (0.04343729 -0.02049853 0.00000000) (0.04039846 -0.02010144 0.00000000) (0.03736371 -0.01967417 0.00000000) (0.03433394 -0.01921284 0.00000000) (0.03131022 -0.01871318 0.00000000) (0.02829437 -0.01816812 0.00000000) (0.02528873 -0.01756887 0.00000000) (0.02229689 -0.01690424 0.00000000) (0.01932351 -0.01616102 0.00000000) (0.01637574 -0.01532165 0.00000000) (0.01346432 -0.01436331 0.00000000) (0.01060731 -0.01325361 0.00000000) (0.00783076 -0.01195423 0.00000000) (0.00519117 -0.01039583 0.00000000) (0.00282639 -0.00844523 0.00000000) (0.00101821 -0.00597314 0.00000000) (0.00009336 -0.00305735 0.00000000))
	arc 4 10 (-6.77106781 -7.07106781 0.01000000) // arc 4 10 origin 1 (0.30000000 0.00000000 0.01000000)
		spline 11 5 ((0.29759712 -0.02442559 0.01000000) (0.29453360 -0.02450812 0.01000000) (0.29147002 -0.02458845 0.01000000) (0.28840639 -0.02466663 0.01000000) (0.28534271 -0.02474267 0.01000000) (0.28227897 -0.02481661 0.01000000) (0.27921519 -0.02488848 0.01000000) (0.27615135 -0.02495829 0.01000000) (0.27308747 -0.02502608 0.01000000) (0.27002355 -0.02509188 0.01000000) (0.26695959 -0.02515569 0.01000000) (0.26389558 -0.02521752 0.01000000) (0.26083154 -0.02527738 0.01000000) (0.25776746 -0.02533526 0.01000000) (0.25470334 -0.02539115 0.01000000) (0.25163919 -0.02544505 0.01000000) (0.24857500 -0.02549692 0.01000000) (0.24551077 -0.02554673 0.01000000) (0.24244652 -0.02559445 0.01000000) (0.23938223 -0.02564006 0.01000000) (0.23631791 -0.02568354 0.01000000) (0.23325356 -0.02572485 0.01000000) (0.23018918 -0.02576398 0.01000000) (0.22712477 -0.02580090 0.01000000) (0.22406034 -0.02583559 0.01000000) (0.22099588 -0.02586801 0.01000000) (0.21793140 -0.02589814 0.01000000) (0.21486690 -0.02592594 0.01000000) (0.21180238 -0.02595140 0.01000000) (0.20873784 -0.02597448 0.01000000) (0.20567328 -0.02599515 0.01000000) (0.20260870 -0.02601338 0.01000000) (0.19954411 -0.02602913 0.01000000) (0.19647951 -0.02604237 0.01000000) (0.19341490 -0.02605303 0.01000000) (0.19035029 -0.02606107 0.01000000) (0.18728566 -0.02606644 0.01000000) (0.18422103 -0.02606908 0.01000000) (0.18115641 -0.02606897 0.01000000) (0.17809178 -0.02606605 0.01000000) (0.17502715 -0.02606028 0.01000000) (0.17196254 -0.02605159 0.01000000) (0.16889793 -0.02603987 0.01000000) (0.16583334 -0.02602504 0.01000000) (0.16276876 -0.02600701 0.01000000) (0.15970421 -0.02598569 0.01000000) (0.15663968 -0.02596098 0.01000000) (0.15357518 -0.02593281 0.01000000) (0.15051071 -0.02590107 0.01000000) (0.14744629 -0.02586564 0.01000000) (0.14438191 -0.02582640 0.01000000) (0.14131758 -0.02578322 0.01000000) (0.13825332 -0.02573595 0.01000000) (0.13518912 -0.02568440 0.01000000) (0.13212500 -0.02562837 0.01000000) (0.12906097 -0.02556764 0.01000000) (0.12599704 -0.02550205 0.01000000) (0.12293323 -0.02543140 0.01000000) (0.11986953 -0.02535554 0.01000000) (0.11680598 -0.02527428 0.01000000) (0.11374258 -0.02518728 0.01000000) (0.11067936 -0.02509414 0.01000000) (0.10761635 -0.02499447 0.01000000) (0.10455357 -0.02488788 0.01000000) (0.10149106 -0.02477392 0.01000000) (0.09842884 -0.02465218 0.01000000) (0.09536696 -0.02452221 0.01000000) (0.09230546 -0.02438359 0.01000000) (0.08924439 -0.02423588 0.01000000) (0.08618378 -0.02407863 0.01000000) (0.08312372 -0.02391126 0.01000000) (0.08006426 -0.02373316 0.01000000) (0.07700547 -0.02354375 0.01000000) (0.07394745 -0.02334251 0.01000000) (0.07089026 -0.02312893 0.01000000) (0.06783399 -0.02290242 0.01000000) (0.06477878 -0.02266212 0.01000000) (0.06172476 -0.02240711 0.01000000) (0.05867210 -0.02213633 0.01000000) (0.05562100 -0.02184848 0.01000000) (0.05257169 -0.02154223 0.01000000) (0.04952442 -0.02121621 0.01000000) (0.04647949 -0.02086899 0.01000000) (0.04343729 -0.02049853 0.01000000) (0.04039846 -0.02010144 0.01000000) (0.03736371 -0.01967417 0.01000000) (0.03433394 -0.01921284 0.01000000) (0.03131022 -0.01871318 0.01000000) (0.02829437 -0.01816812 0.01000000) (0.02528873 -0.01756887 0.01000000) (0.02229689 -0.01690424 0.01000000) (0.01932351 -0.01616102 0.01000000) (0.01637574 -0.01532165 0.01000000) (0.01346432 -0.01436331 0.01000000) (0.01060731 -0.01325361 0.01000000) (0.00783076 -0.01195423 0.01000000) (0.00519117 -0.01039583 0.01000000) (0.00282639 -0.00844523 0.01000000) (0.00101821 -0.00597314 0.01000000) (0.00009336 -0.00305735 0.01000000))
		spline 2 12 ((0.31410092 0.09206798 0.00000000) (0.32103804 0.09227161 0.00000000) (0.32797604 0.09244331 0.00000000) (0.33491474 0.09258339 0.00000000) (0.34185401 0.09269216 0.00000000) (0.34879369 0.09276991 0.00000000) (0.35573365 0.09281689 0.00000000) (0.36267375 0.09283346 0.00000000) (0.36961386 0.09282021 0.00000000) (0.37655384 0.09277774 0.00000000) (0.38349359 0.09270678 0.00000000) (0.39043301 0.09260802 0.00000000) (0.39737197 0.09248164 0.00000000) (0.40431037 0.09232751 0.00000000) (0.41124810 0.09214549 0.00000000) (0.41818504 0.09193552 0.00000000) (0.42512108 0.09169757 0.00000000) (0.43205610 0.09143184 0.00000000) (0.43899002 0.09113861 0.00000000) (0.44592274 0.09081821 0.00000000) (0.45285416 0.09047102 0.00000000) (0.45978422 0.09009760 0.00000000) (0.46671286 0.08969875 0.00000000) (0.47364004 0.08927517 0.00000000) (0.48056565 0.08882686 0.00000000) (0.48748962 0.08835366 0.00000000) (0.49441179 0.08785501 0.00000000) (0.50133203 0.08733010 0.00000000) (0.50825022 0.08677896 0.00000000) (0.51516640 0.08620315 0.00000000) (0.52208064 0.08560443 0.00000000) (0.52899299 0.08498438 0.00000000) (0.53590353 0.08434443 0.00000000) (0.54281215 0.08368403 0.00000000) (0.54971854 0.08300083 0.00000000) (0.55662244 0.08229274 0.00000000) (0.56352361 0.08155851 0.00000000) (0.57042183 0.08079716 0.00000000) (0.57731703 0.08000886 0.00000000) (0.58420917 0.07919421 0.00000000) (0.59109818 0.07835356 0.00000000) (0.59798398 0.07748701 0.00000000) (0.60486648 0.07659467 0.00000000) (0.61174562 0.07567669 0.00000000) (0.61862129 0.07473314 0.00000000) (0.62549332 0.07376338 0.00000000) (0.63236148 0.07276659 0.00000000) (0.63922552 0.07174182 0.00000000) (0.64608517 0.07068808 0.00000000) (0.65294033 0.06960556 0.00000000) (0.65979122 0.06849627 0.00000000) (0.66663808 0.06736243 0.00000000) (0.67348124 0.06620645 0.00000000) (0.68032100 0.06503055 0.00000000) (0.68715746 0.06383563 0.00000000) (0.69399077 0.06262288 0.00000000) (0.70082264 0.06140202 0.00000000) (0.70765569 0.06018780 0.00000000) (0.71449124 0.05898768 0.00000000) (0.72132932 0.05780205 0.00000000) (0.72816981 0.05663048 0.00000000) (0.73501250 0.05547176 0.00000000) (0.74185670 0.05432210 0.00000000) (0.74870104 0.05317317 0.00000000) (0.75554433 0.05201803 0.00000000) (0.76238605 0.05085365 0.00000000) (0.76922584 0.04967796 0.00000000) (0.77606349 0.04848992 0.00000000) (0.78289891 0.04728912 0.00000000) (0.78973220 0.04607619 0.00000000) (0.79656330 0.04485105 0.00000000) (0.80339189 0.04361197 0.00000000) (0.81021774 0.04235784 0.00000000) (0.81704082 0.04108882 0.00000000) (0.82386136 0.03980613 0.00000000) (0.83067968 0.03851174 0.00000000) (0.83749559 0.03720474 0.00000000) (0.84430860 0.03588266 0.00000000) (0.85111834 0.03454384 0.00000000) (0.85792485 0.03318875 0.00000000) (0.86472898 0.03182170 0.00000000) (0.87153131 0.03044576 0.00000000) (0.87833205 0.02906198 0.00000000) (0.88513085 0.02766867 0.00000000) (0.89192761 0.02626549 0.00000000) (0.89872283 0.02485485 0.00000000) (0.90551720 0.02344011 0.00000000) (0.91231137 0.02202440 0.00000000) (0.91910573 0.02060965 0.00000000) (0.92590021 0.01919545 0.00000000) (0.93269421 0.01777892 0.00000000) (0.93948661 0.01635478 0.00000000) (0.94627646 0.01491852 0.00000000) (0.95306316 0.01346745 0.00000000) (0.95984559 0.01199654 0.00000000) (0.96662124 0.01049473 0.00000000) (0.97338514 0.00894084 0.00000000) (0.98012583 0.00728942 0.00000000) (0.98682202 0.00546644 0.00000000) (0.99343690 0.00336874 0.00000000))
		spline 6 14 ((0.31410092 0.09206798 0.01000000) (0.32103804 0.09227161 0.01000000) (0.32797604 0.09244331 0.01000000) (0.33491474 0.09258339 0.01000000) (0.34185401 0.09269216 0.01000000) (0.34879369 0.09276991 0.01000000) (0.35573365 0.09281689 0.01000000) (0.36267375 0.09283346 0.01000000) (0.36961386 0.09282021 0.01000000) (0.37655384 0.09277774 0.01000000) (0.38349359 0.09270678 0.01000000) (0.39043301 0.09260802 0.01000000) (0.39737197 0.09248164 0.01000000) (0.40431037 0.09232751 0.01000000) (0.41124810 0.09214549 0.01000000) (0.41818504 0.09193552 0.01000000) (0.42512108 0.09169757 0.01000000) (0.43205610 0.09143184 0.01000000) (0.43899002 0.09113861 0.01000000) (0.44592274 0.09081821 0.01000000) (0.45285416 0.09047102 0.01000000) (0.45978422 0.09009760 0.01000000) (0.46671286 0.08969875 0.01000000) (0.47364004 0.08927517 0.01000000) (0.48056565 0.08882686 0.01000000) (0.48748962 0.08835366 0.01000000) (0.49441179 0.08785501 0.01000000) (0.50133203 0.08733010 0.01000000) (0.50825022 0.08677896 0.01000000) (0.51516640 0.08620315 0.01000000) (0.52208064 0.08560443 0.01000000) (0.52899299 0.08498438 0.01000000) (0.53590353 0.08434443 0.01000000) (0.54281215 0.08368403 0.01000000) (0.54971854 0.08300083 0.01000000) (0.55662244 0.08229274 0.01000000) (0.56352361 0.08155851 0.01000000) (0.57042183 0.08079716 0.01000000) (0.57731703 0.08000886 0.01000000) (0.58420917 0.07919421 0.01000000) (0.59109818 0.07835356 0.01000000) (0.59798398 0.07748701 0.01000000) (0.60486648 0.07659467 0.01000000) (0.61174562 0.07567669 0.01000000) (0.61862129 0.07473314 0.01000000) (0.62549332 0.07376338 0.01000000) (0.63236148 0.07276659 0.01000000) (0.63922552 0.07174182 0.01000000) (0.64608517 0.07068808 0.01000000) (0.65294033 0.06960556 0.01000000) (0.65979122 0.06849627 0.01000000) (0.66663808 0.06736243 0.01000000) (0.67348124 0.06620645 0.01000000) (0.68032100 0.06503055 0.01000000) (0.68715746 0.06383563 0.01000000) (0.69399077 0.06262288 0.01000000) (0.70082264 0.06140202 0.01000000) (0.70765569 0.06018780 0.01000000) (0.71449124 0.05898768 0.01000000) (0.72132932 0.05780205 0.01000000) (0.72816981 0.05663048 0.01000000) (0.73501250 0.05547176 0.01000000) (0.74185670 0.05432210 0.01000000) (0.74870104 0.05317317 0.01000000) (0.75554433 0.05201803 0.01000000) (0.76238605 0.05085365 0.01000000) (0.76922584 0.04967796 0.01000000) (0.77606349 0.04848992 0.01000000) (0.78289891 0.04728912 0.01000000) (0.78973220 0.04607619 0.01000000) (0.79656330 0.04485105 0.01000000) (0.80339189 0.04361197 0.01000000) (0.81021774 0.04235784 0.01000000) (0.81704082 0.04108882 0.01000000) (0.82386136 0.03980613 0.01000000) (0.83067968 0.03851174 0.01000000) (0.83749559 0.03720474 0.01000000) (0.84430860 0.03588266 0.01000000) (0.85111834 0.03454384 0.01000000) (0.85792485 0.03318875 0.01000000) (0.86472898 0.03182170 0.01000000) (0.87153131 0.03044576 0.01000000) (0.87833205 0.02906198 0.01000000) (0.88513085 0.02766867 0.01000000) (0.89192761 0.02626549 0.01000000) (0.89872283 0.02485485 0.01000000) (0.90551720 0.02344011 0.01000000) (0.91231137 0.02202440 0.01000000) (0.91910573 0.02060965 0.01000000) (0.92590021 0.01919545 0.01000000) (0.93269421 0.01777892 0.01000000) (0.93948661 0.01635478 0.01000000) (0.94627646 0.01491852 0.01000000) (0.95306316 0.01346745 0.01000000) (0.95984559 0.01199654 0.01000000) (0.96662124 0.01049473 0.01000000) (0.97338514 0.00894084 0.01000000) (0.98012583 0.00728942 0.01000000) (0.98682202 0.00546644 0.01000000) (0.99343690 0.00336874 0.01000000))
		spline 9 17 ((0.30758994 -0.02414120 0.00000000) (0.31451465 -0.02393075 0.00000000) (0.32143902 -0.02370928 0.00000000) (0.32836302 -0.02347671 0.00000000) (0.33528664 -0.02323292 0.00000000) (0.34220983 -0.02297751 0.00000000) (0.34913257 -0.02270992 0.00000000) (0.35605482 -0.02242984 0.00000000) (0.36297654 -0.02213722 0.00000000) (0.36989773 -0.02183206 0.00000000) (0.37681835 -0.02151452 0.00000000) (0.38373841 -0.02118490 0.00000000) (0.39065794 -0.02084416 0.00000000) (0.39757696 -0.02049348 0.00000000) (0.40449557 -0.02013475 0.00000000) (0.41141388 -0.01977014 0.00000000) (0.41833194 -0.01940105 0.00000000) (0.42524980 -0.01902812 0.00000000) (0.43216748 -0.01865176 0.00000000) (0.43908496 -0.01827192 0.00000000) (0.44600225 -0.01788855 0.00000000) (0.45291935 -0.01750186 0.00000000) (0.45983629 -0.01711213 0.00000000) (0.46675307 -0.01671965 0.00000000) (0.47366970 -0.01632467 0.00000000) (0.48058622 -0.01592770 0.00000000) (0.48750268 -0.01552961 0.00000000) (0.49441913 -0.01513137 0.00000000) (0.50133563 -0.01473413 0.00000000) (0.50825225 -0.01433888 0.00000000) (0.51516895 -0.01394498 0.00000000) (0.52208563 -0.01355077 0.00000000) (0.52900220 -0.01315460 0.00000000) (0.53591856 -0.01275482 0.00000000) (0.54283468 -0.01235105 0.00000000) (0.54975079 -0.01194681 0.00000000) (0.55666711 -0.01154631 0.00000000) (0.56358385 -0.01115315 0.00000000) (0.57050118 -0.01077052 0.00000000) (0.57741911 -0.01039891 0.00000000) (0.58433751 -0.01003602 0.00000000) (0.59125625 -0.00967985 0.00000000) (0.59817529 -0.00932937 0.00000000) (0.60509459 -0.00898419 0.00000000) (0.61201425 -0.00864638 0.00000000) (0.61893440 -0.00831865 0.00000000) (0.62585510 -0.00800257 0.00000000) (0.63277634 -0.00769893 0.00000000) (0.63969810 -0.00740698 0.00000000) (0.64662023 -0.00712426 0.00000000) (0.65354266 -0.00684882 0.00000000) (0.66046535 -0.00658014 0.00000000) (0.66738831 -0.00631829 0.00000000) (0.67431159 -0.00606505 0.00000000) (0.68123522 -0.00582190 0.00000000) (0.68815911 -0.00558596 0.00000000) (0.69508308 -0.00535242 0.00000000) (0.70200688 -0.00511409 0.00000000) (0.70893022 -0.00486245 0.00000000) (0.71585279 -0.00459022 0.00000000) (0.72277425 -0.00429133 0.00000000) (0.72969444 -0.00396415 0.00000000) (0.73661337 -0.00361152 0.00000000) (0.74353130 -0.00323992 0.00000000) (0.75044878 -0.00285977 0.00000000) (0.75736634 -0.00248126 0.00000000) (0.76428449 -0.00211391 0.00000000) (0.77120352 -0.00176318 0.00000000) (0.77812339 -0.00142967 0.00000000) (0.78504404 -0.00111245 0.00000000) (0.79196532 -0.00080947 0.00000000) (0.79888726 -0.00052210 0.00000000) (0.80581000 -0.00025439 0.00000000) (0.81273361 -0.00001041 0.00000000) (0.81965812 0.00020672 0.00000000) (0.82658338 0.00039856 0.00000000) (0.83350921 0.00056801 0.00000000) (0.84043551 0.00071745 0.00000000) (0.84736221 0.00084694 0.00000000) (0.85428929 0.00095403 0.00000000) (0.86121669 0.00103821 0.00000000) (0.86814431 0.00110124 0.00000000) (0.87507206 0.00114808 0.00000000) (0.88199988 0.00118199 0.00000000) (0.88892775 0.00120325 0.00000000) (0.89585566 0.00120828 0.00000000) (0.90278355 0.00119405 0.00000000) (0.90971137 0.00115945 0.00000000) (0.91663906 0.00110500 0.00000000) (0.92356656 0.00103001 0.00000000) (0.93049379 0.00093325 0.00000000) (0.93742067 0.00081396 0.00000000) (0.94434711 0.00067139 0.00000000) (0.95127298 0.00050374 0.00000000) (0.95819814 0.00030859 0.00000000) (0.96512244 0.00008537 0.00000000) (0.97204603 -0.00015901 0.00000000) (0.97896922 -0.00041458 0.00000000) (0.98589244 -0.00066935 0.00000000) (0.99281620 -0.00090883 0.00000000))
		spline 11 19 ((0.30758994 -0.02414120 0.01000000) (0.31451465 -0.02393075 0.01000000) (0.32143902 -0.02370928 0.01000000) (0.32836302 -0.02347671 0.01000000) (0.33528664 -0.02323292 0.01000000) (0.34220983 -0.02297751 0.01000000) (0.34913257 -0.02270992 0.01000000) (0.35605482 -0.02242984 0.01000000) (0.36297654 -0.02213722 0.01000000) (0.36989773 -0.02183206 0.01000000) (0.37681835 -0.02151452 0.01000000) (0.38373841 -0.02118490 0.01000000) (0.39065794 -0.02084416 0.01000000) (0.39757696 -0.02049348 0.01000000) (0.40449557 -0.02013475 0.01000000) (0.41141388 -0.01977014 0.01000000) (0.41833194 -0.01940105 0.01000000) (0.42524980 -0.01902812 0.01000000) (0.43216748 -0.01865176 0.01000000) (0.43908496 -0.01827192 0.01000000) (0.44600225 -0.01788855 0.01000000) (0.45291935 -0.01750186 0.01000000) (0.45983629 -0.01711213 0.01000000) (0.46675307 -0.01671965 0.01000000) (0.47366970 -0.01632467 0.01000000) (0.48058622 -0.01592770 0.01000000) (0.48750268 -0.01552961 0.01000000) (0.49441913 -0.01513137 0.01000000) (0.50133563 -0.01473413 0.01000000) (0.50825225 -0.01433888 0.01000000) (0.51516895 -0.01394498 0.01000000) (0.52208563 -0.01355077 0.01000000) (0.52900220 -0.01315460 0.01000000) (0.53591856 -0.01275482 0.01000000) (0.54283468 -0.01235105 0.01000000) (0.54975079 -0.01194681 0.01000000) (0.55666711 -0.01154631 0.01000000) (0.56358385 -0.01115315 0.01000000) (0.57050118 -0.01077052 0.01000000) (0.57741911 -0.01039891 0.01000000) (0.58433751 -0.01003602 0.01000000) (0.59125625 -0.00967985 0.01000000) (0.59817529 -0.00932937 0.01000000) (0.60509459 -0.00898419 0.01000000) (0.61201425 -0.00864638 0.01000000) (0.61893440 -0.00831865 0.01000000) (0.62585510 -0.00800257 0.01000000) (0.63277634 -0.00769893 0.01000000) (0.63969810 -0.00740698 0.01000000) (0.64662023 -0.00712426 0.01000000) (0.65354266 -0.00684882 0.01000000) (0.66046535 -0.00658014 0.01000000) (0.66738831 -0.00631829 0.01000000) (0.67431159 -0.00606505 0.01000000) (0.68123522 -0.00582190 0.01000000) (0.68815911 -0.00558596 0.01000000) (0.69508308 -0.00535242 0.01000000) (0.70200688 -0.00511409 0.01000000) (0.70893022 -0.00486245 0.01000000) (0.71585279 -0.00459022 0.01000000) (0.72277425 -0.00429133 0.01000000) (0.72969444 -0.00396415 0.01000000) (0.73661337 -0.00361152 0.01000000) (0.74353130 -0.00323992 0.01000000) (0.75044878 -0.00285977 0.01000000) (0.75736634 -0.00248126 0.01000000) (0.76428449 -0.00211391 0.01000000) (0.77120352 -0.00176318 0.01000000) (0.77812339 -0.00142967 0.01000000) (0.78504404 -0.00111245 0.01000000) (0.79196532 -0.00080947 0.01000000) (0.79888726 -0.00052210 0.01000000) (0.80581000 -0.00025439 0.01000000) (0.81273361 -0.00001041 0.01000000) (0.81965812 0.00020672 0.01000000) (0.82658338 0.00039856 0.01000000) (0.83350921 0.00056801 0.01000000) (0.84043551 0.00071745 0.01000000) (0.84736221 0.00084694 0.01000000) (0.85428929 0.00095403 0.01000000) (0.86121669 0.00103821 0.01000000) (0.86814431 0.00110124 0.01000000) (0.87507206 0.00114808 0.01000000) (0.88199988 0.00118199 0.01000000) (0.88892775 0.00120325 0.01000000) (0.89585566 0.00120828 0.01000000) (0.90278355 0.00119405 0.01000000) (0.90971137 0.00115945 0.01000000) (0.91663906 0.00110500 0.01000000) (0.92356656 0.00103001 0.01000000) (0.93049379 0.00093325 0.01000000) (0.93742067 0.00081396 0.01000000) (0.94434711 0.00067139 0.01000000) (0.95127298 0.00050374 0.01000000) (0.95819814 0.00030859 0.01000000) (0.96512244 0.00008537 0.01000000) (0.97204603 -0.00015901 0.01000000) (0.97896922 -0.00041458 0.01000000) (0.98589244 -0.00066935 0.01000000) (0.99281620 -0.00090883 0.01000000))
);

boundary
(
	symmetry1
	{
		type symmetry;
		faces
		(
			(17 16 24 25)
			(12 17 25 20)
			(2 12 13 3)
			(0 1 2 3)
			(9 8 16 17)
			(12 20 21 13)
			(0 8 9 1)
		);
	}

	symmetry2
	{
		type symmetry;
		faces
		(
			(6 14 15 7)
			(11 10 18 19)
			(14 22 23 15)
			(4 10 11 5)
			(14 19 27 22)
			(19 18 26 27)
			(4 5 6 7)
		);
	}

	wing
	{
		type wall;
		faces
		(
			(6 14 12 2)
			(5 11 9 1)
			(11 9 17 19)
			(5 1 2 6)
			(14 19 17 12)
		);
	}

	inout
	{
		type patch;
		faces
		(
			(7 15 13 3)
			(4 0 3 7)
			(4 10 8 0)
			(18 16 24 26)
			(27 26 24 25)
			(22 27 25 20)
			(15 23 21 13)
			(22 20 21 23)
			(10 8 16 18)
		);
	}

);

faces
(
);

mergePatchPairs
(
);

scale 1;

// * * * * * * * * * * * * * * * * * * * * * * * * * * * * * * * * * * * * * //
// Created with classy_blocks: https://github.com/damogranlabs/classy_blocks //
// * * * * * * * * * * * * * * * * * * * * * * * * * * * * * * * * * * * * * //
