/*---------------------------------------------------------------------------*\
| =========                |                                                 |
| \      /  F ield         | OpenFOAM: The Open Source CFD Toolbox           |
|  \    /   O peration     | Script: mesh/generate_cmesh.py        |
|   \  /    A nd           | Time: 2026-07-25 12:41:20.648536                |
|    \/     M anipulation  |                                                 |
\*---------------------------------------------------------------------------*/
FoamFile
{
    version     2.0;
    format      ascii;
    class       dictionary;
    object      blockMeshDict;
}
// * * * * * * * * * * * * * * * * * * * * * * * * * * * * * * * * * * * * * //

vertices
(
	(-29.70000000 0.00000000 0.00000000) // 0
	(0.00000000 0.00000000 0.00000000) // 1
	(0.29640007 0.05899052 0.00000000) // 2
	(0.30000000 30.00000000 0.00000000) // 3
	(-29.70000000 0.00000000 0.01000000) // 4
	(0.00000000 0.00000000 0.01000000) // 5
	(0.29640007 0.05899052 0.01000000) // 6
	(0.30000000 30.00000000 0.01000000) // 7
	(0.30000000 -30.00000000 0.00000000) // 8
	(0.30347044 -0.05827600 0.00000000) // 9
	(0.30000000 -30.00000000 0.01000000) // 10
	(0.30347044 -0.05827600 0.01000000) // 11
	(0.99759200 0.00132350 0.00000000) // 12
	(0.99800000 30.00000000 0.00000000) // 13
	(0.99759200 0.00132350 0.01000000) // 14
	(0.99800000 30.00000000 0.01000000) // 15
	(0.99800000 -30.00000000 0.00000000) // 16
	(0.99759200 -0.00067650 0.00000000) // 17
	(0.99800000 -30.00000000 0.01000000) // 18
	(0.99759200 -0.00067650 0.01000000) // 19
	(30.99800000 0.00132350 0.00000000) // 20
	(30.99800000 30.00000000 0.00000000) // 21
	(30.99800000 0.00132350 0.01000000) // 22
	(30.99800000 30.00000000 0.01000000) // 23
	(30.99800000 -30.00000000 0.00000000) // 24
	(30.99800000 -0.00067650 0.00000000) // 25
	(30.99800000 -30.00000000 0.01000000) // 26
	(30.99800000 -0.00067650 0.01000000) // 27
);

blocks
(
	hex ( 0 1 2 3 4 5 6 7 )  ( 106 120 1 ) simpleGrading ( 4.2337651416817996e-07 1 1 ) // 0 
	hex ( 0 8 9 1 4 10 11 5 )  ( 120 106 1 ) simpleGrading ( 1 4.2337651416817996e-07 1 ) // 1 
	hex ( 2 12 13 3 6 14 15 7 )  ( 89 106 1 ) edgeGrading ( 2.4003849374066086 2.4003849374066086 2.4003849374066086 2.4003849374066086 2361963.799443927 2361963.7994439327 2361963.7994439327 2361963.799443927 1 1 1 1 ) // 2 
	hex ( 9 8 16 17 11 10 18 19 )  ( 106 88 1 ) edgeGrading ( 2361963.799443927 2361963.7994439327 2361963.7994439327 2361963.799443927 2.3766187499075335 2.3766187499075335 2.3766187499075335 2.3766187499075335 1 1 1 1 ) // 3 
	hex ( 12 20 21 13 14 22 23 15 )  ( 60 106 1 ) simpleGrading ( 276.8014904921996 2361963.7994439327 1 ) // 4 
	hex ( 17 16 24 25 19 18 26 27 )  ( 106 60 1 ) simpleGrading ( 2361963.7994439327 276.8014904921996 1 ) // 5 
	hex ( 12 17 25 20 14 19 27 22 )  ( 10 60 1 ) simpleGrading ( 1 276.8014904921996 1 ) // 6 
);

edges
(
	arc 0 3 (-20.91320344 21.21320344 0.00000000) // arc 0 3 origin 1 (0.30000000 0.00000000 0.00000000)
		spline 1 2 ((0.00053721 0.00299162 0.00000000) (0.00195697 0.00568687 0.00000000) (0.00391446 0.00802658 0.00000000) (0.00619057 0.01006046 0.00000000) (0.00865655 0.01186050 0.00000000) (0.01124675 0.01347733 0.00000000) (0.01392250 0.01494847 0.00000000) (0.01665960 0.01630223 0.00000000) (0.01944211 0.01756010 0.00000000) (0.02225941 0.01873803 0.00000000) (0.02510354 0.01984965 0.00000000) (0.02796958 0.02090350 0.00000000) (0.03085343 0.02190759 0.00000000) (0.03375204 0.02286826 0.00000000) (0.03666321 0.02379020 0.00000000) (0.03958494 0.02467807 0.00000000) (0.04251577 0.02553544 0.00000000) (0.04545466 0.02636475 0.00000000) (0.04840066 0.02716845 0.00000000) (0.05135297 0.02794864 0.00000000) (0.05431099 0.02870688 0.00000000) (0.05727423 0.02944449 0.00000000) (0.06024219 0.03016286 0.00000000) (0.06321447 0.03086313 0.00000000) (0.06619074 0.03154624 0.00000000) (0.06917070 0.03221308 0.00000000) (0.07215406 0.03286457 0.00000000) (0.07514056 0.03350146 0.00000000) (0.07813001 0.03412440 0.00000000) (0.08112220 0.03473399 0.00000000) (0.08411697 0.03533084 0.00000000) (0.08711413 0.03591550 0.00000000) (0.09011356 0.03648844 0.00000000) (0.09311513 0.03705005 0.00000000) (0.09611873 0.03760074 0.00000000) (0.09912423 0.03814091 0.00000000) (0.10213154 0.03867092 0.00000000) (0.10514057 0.03919110 0.00000000) (0.10815122 0.03970175 0.00000000) (0.11116343 0.04020318 0.00000000) (0.11417711 0.04069569 0.00000000) (0.11719219 0.04117955 0.00000000) (0.12020861 0.04165499 0.00000000) (0.12322632 0.04212219 0.00000000) (0.12624526 0.04258136 0.00000000) (0.12926537 0.04303272 0.00000000) (0.13228662 0.04347643 0.00000000) (0.13530896 0.04391267 0.00000000) (0.13833235 0.04434159 0.00000000) (0.14135674 0.04476332 0.00000000) (0.14438211 0.04517801 0.00000000) (0.14740842 0.04558580 0.00000000) (0.15043563 0.04598682 0.00000000) (0.15346372 0.04638119 0.00000000) (0.15649265 0.04676899 0.00000000) (0.15952240 0.04715033 0.00000000) (0.16255295 0.04752532 0.00000000) (0.16558426 0.04789405 0.00000000) (0.16861632 0.04825663 0.00000000) (0.17164909 0.04861319 0.00000000) (0.17468255 0.04896384 0.00000000) (0.17771667 0.04930870 0.00000000) (0.18075143 0.04964789 0.00000000) (0.18378681 0.04998153 0.00000000) (0.18682278 0.05030972 0.00000000) (0.18985932 0.05063252 0.00000000) (0.19289643 0.05095002 0.00000000) (0.19593408 0.05126227 0.00000000) (0.19897226 0.05156934 0.00000000) (0.20201095 0.05187130 0.00000000) (0.20505014 0.05216823 0.00000000) (0.20808981 0.05246018 0.00000000) (0.21112995 0.05274722 0.00000000) (0.21417054 0.05302942 0.00000000) (0.21721157 0.05330684 0.00000000) (0.22025302 0.05357956 0.00000000) (0.22329489 0.05384764 0.00000000) (0.22633716 0.05411113 0.00000000) (0.22937982 0.05437006 0.00000000) (0.23242286 0.05462449 0.00000000) (0.23546627 0.05487443 0.00000000) (0.23851004 0.05511992 0.00000000) (0.24155417 0.05536101 0.00000000) (0.24459864 0.05559772 0.00000000) (0.24764344 0.05583009 0.00000000) (0.25068857 0.05605816 0.00000000) (0.25373401 0.05628197 0.00000000) (0.25677976 0.05650157 0.00000000) (0.25982581 0.05671698 0.00000000) (0.26287215 0.05692826 0.00000000) (0.26591877 0.05713543 0.00000000) (0.26896567 0.05733855 0.00000000) (0.27201283 0.05753765 0.00000000) (0.27506025 0.05773277 0.00000000) (0.27810791 0.05792395 0.00000000) (0.28115582 0.05811123 0.00000000) (0.28420396 0.05829467 0.00000000) (0.28725233 0.05847429 0.00000000) (0.29030093 0.05865011 0.00000000) (0.29334973 0.05882215 0.00000000))
	arc 4 7 (-20.91320344 21.21320344 0.01000000) // arc 4 7 origin 1 (0.30000000 0.00000000 0.01000000)
		spline 5 6 ((0.00053721 0.00299162 0.01000000) (0.00195697 0.00568687 0.01000000) (0.00391446 0.00802658 0.01000000) (0.00619057 0.01006046 0.01000000) (0.00865655 0.01186050 0.01000000) (0.01124675 0.01347733 0.01000000) (0.01392250 0.01494847 0.01000000) (0.01665960 0.01630223 0.01000000) (0.01944211 0.01756010 0.01000000) (0.02225941 0.01873803 0.01000000) (0.02510354 0.01984965 0.01000000) (0.02796958 0.02090350 0.01000000) (0.03085343 0.02190759 0.01000000) (0.03375204 0.02286826 0.01000000) (0.03666321 0.02379020 0.01000000) (0.03958494 0.02467807 0.01000000) (0.04251577 0.02553544 0.01000000) (0.04545466 0.02636475 0.01000000) (0.04840066 0.02716845 0.01000000) (0.05135297 0.02794864 0.01000000) (0.05431099 0.02870688 0.01000000) (0.05727423 0.02944449 0.01000000) (0.06024219 0.03016286 0.01000000) (0.06321447 0.03086313 0.01000000) (0.06619074 0.03154624 0.01000000) (0.06917070 0.03221308 0.01000000) (0.07215406 0.03286457 0.01000000) (0.07514056 0.03350146 0.01000000) (0.07813001 0.03412440 0.01000000) (0.08112220 0.03473399 0.01000000) (0.08411697 0.03533084 0.01000000) (0.08711413 0.03591550 0.01000000) (0.09011356 0.03648844 0.01000000) (0.09311513 0.03705005 0.01000000) (0.09611873 0.03760074 0.01000000) (0.09912423 0.03814091 0.01000000) (0.10213154 0.03867092 0.01000000) (0.10514057 0.03919110 0.01000000) (0.10815122 0.03970175 0.01000000) (0.11116343 0.04020318 0.01000000) (0.11417711 0.04069569 0.01000000) (0.11719219 0.04117955 0.01000000) (0.12020861 0.04165499 0.01000000) (0.12322632 0.04212219 0.01000000) (0.12624526 0.04258136 0.01000000) (0.12926537 0.04303272 0.01000000) (0.13228662 0.04347643 0.01000000) (0.13530896 0.04391267 0.01000000) (0.13833235 0.04434159 0.01000000) (0.14135674 0.04476332 0.01000000) (0.14438211 0.04517801 0.01000000) (0.14740842 0.04558580 0.01000000) (0.15043563 0.04598682 0.01000000) (0.15346372 0.04638119 0.01000000) (0.15649265 0.04676899 0.01000000) (0.15952240 0.04715033 0.01000000) (0.16255295 0.04752532 0.01000000) (0.16558426 0.04789405 0.01000000) (0.16861632 0.04825663 0.01000000) (0.17164909 0.04861319 0.01000000) (0.17468255 0.04896384 0.01000000) (0.17771667 0.04930870 0.01000000) (0.18075143 0.04964789 0.01000000) (0.18378681 0.04998153 0.01000000) (0.18682278 0.05030972 0.01000000) (0.18985932 0.05063252 0.01000000) (0.19289643 0.05095002 0.01000000) (0.19593408 0.05126227 0.01000000) (0.19897226 0.05156934 0.01000000) (0.20201095 0.05187130 0.01000000) (0.20505014 0.05216823 0.01000000) (0.20808981 0.05246018 0.01000000) (0.21112995 0.05274722 0.01000000) (0.21417054 0.05302942 0.01000000) (0.21721157 0.05330684 0.01000000) (0.22025302 0.05357956 0.01000000) (0.22329489 0.05384764 0.01000000) (0.22633716 0.05411113 0.01000000) (0.22937982 0.05437006 0.01000000) (0.23242286 0.05462449 0.01000000) (0.23546627 0.05487443 0.01000000) (0.23851004 0.05511992 0.01000000) (0.24155417 0.05536101 0.01000000) (0.24459864 0.05559772 0.01000000) (0.24764344 0.05583009 0.01000000) (0.25068857 0.05605816 0.01000000) (0.25373401 0.05628197 0.01000000) (0.25677976 0.05650157 0.01000000) (0.25982581 0.05671698 0.01000000) (0.26287215 0.05692826 0.01000000) (0.26591877 0.05713543 0.01000000) (0.26896567 0.05733855 0.01000000) (0.27201283 0.05753765 0.01000000) (0.27506025 0.05773277 0.01000000) (0.27810791 0.05792395 0.01000000) (0.28115582 0.05811123 0.01000000) (0.28420396 0.05829467 0.01000000) (0.28725233 0.05847429 0.01000000) (0.29030093 0.05865011 0.01000000) (0.29334973 0.05882215 0.01000000))
	arc 0 8 (-20.91320344 -21.21320344 0.00000000) // arc 0 8 origin 1 (0.30000000 0.00000000 0.00000000)
		spline 9 1 ((0.30034696 -0.05815749 0.00000000) (0.29722509 -0.05803293 0.00000000) (0.29410345 -0.05790239 0.00000000) (0.29098207 -0.05776600 0.00000000) (0.28786094 -0.05762389 0.00000000) (0.28474007 -0.05747616 0.00000000) (0.28161947 -0.05732292 0.00000000) (0.27849913 -0.05716426 0.00000000) (0.27537908 -0.05700026 0.00000000) (0.27225930 -0.05683100 0.00000000) (0.26913981 -0.05665658 0.00000000) (0.26602061 -0.05647707 0.00000000) (0.26290170 -0.05629255 0.00000000) (0.25978309 -0.05610305 0.00000000) (0.25666479 -0.05590859 0.00000000) (0.25354680 -0.05570917 0.00000000) (0.25042913 -0.05550478 0.00000000) (0.24731179 -0.05529541 0.00000000) (0.24419479 -0.05508107 0.00000000) (0.24107813 -0.05486174 0.00000000) (0.23796183 -0.05463743 0.00000000) (0.23484590 -0.05440812 0.00000000) (0.23173033 -0.05417381 0.00000000) (0.22861515 -0.05393450 0.00000000) (0.22550035 -0.05369018 0.00000000) (0.22238596 -0.05344084 0.00000000) (0.21927197 -0.05318646 0.00000000) (0.21615840 -0.05292698 0.00000000) (0.21304526 -0.05266234 0.00000000) (0.20993258 -0.05239245 0.00000000) (0.20682036 -0.05211724 0.00000000) (0.20370863 -0.05183662 0.00000000) (0.20059739 -0.05155054 0.00000000) (0.19748667 -0.05125891 0.00000000) (0.19437647 -0.05096169 0.00000000) (0.19126683 -0.05065880 0.00000000) (0.18815774 -0.05035020 0.00000000) (0.18504924 -0.05003583 0.00000000) (0.18194133 -0.04971563 0.00000000) (0.17883403 -0.04938952 0.00000000) (0.17572737 -0.04905742 0.00000000) (0.17262136 -0.04871924 0.00000000) (0.16951603 -0.04837488 0.00000000) (0.16641141 -0.04802425 0.00000000) (0.16330751 -0.04766726 0.00000000) (0.16020436 -0.04730380 0.00000000) (0.15710199 -0.04693375 0.00000000) (0.15400043 -0.04655697 0.00000000) (0.15089970 -0.04617334 0.00000000) (0.14779985 -0.04578273 0.00000000) (0.14470091 -0.04538501 0.00000000) (0.14160291 -0.04498000 0.00000000) (0.13850590 -0.04456750 0.00000000) (0.13540992 -0.04414730 0.00000000) (0.13231503 -0.04371918 0.00000000) (0.12922127 -0.04328294 0.00000000) (0.12612870 -0.04283837 0.00000000) (0.12303736 -0.04238525 0.00000000) (0.11994733 -0.04192337 0.00000000) (0.11685865 -0.04145251 0.00000000) (0.11377139 -0.04097245 0.00000000) (0.11068561 -0.04048296 0.00000000) (0.10760139 -0.03998374 0.00000000) (0.10451881 -0.03947448 0.00000000) (0.10143796 -0.03895486 0.00000000) (0.09835893 -0.03842456 0.00000000) (0.09528182 -0.03788319 0.00000000) (0.09220677 -0.03733029 0.00000000) (0.08913392 -0.03676528 0.00000000) (0.08606341 -0.03618764 0.00000000) (0.08299542 -0.03559681 0.00000000) (0.07993013 -0.03499215 0.00000000) (0.07686775 -0.03437288 0.00000000) (0.07380852 -0.03373823 0.00000000) (0.07075269 -0.03308742 0.00000000) (0.06770054 -0.03241956 0.00000000) (0.06465242 -0.03173357 0.00000000) (0.06160870 -0.03102825 0.00000000) (0.05856980 -0.03030249 0.00000000) (0.05553619 -0.02955491 0.00000000) (0.05250848 -0.02878380 0.00000000) (0.04948734 -0.02798733 0.00000000) (0.04647349 -0.02716368 0.00000000) (0.04346786 -0.02631055 0.00000000) (0.04047156 -0.02542519 0.00000000) (0.03748580 -0.02450492 0.00000000) (0.03451211 -0.02354638 0.00000000) (0.03155249 -0.02254523 0.00000000) (0.02860923 -0.02149697 0.00000000) (0.02568532 -0.02039589 0.00000000) (0.02278499 -0.01923415 0.00000000) (0.01991324 -0.01800348 0.00000000) (0.01707745 -0.01669212 0.00000000) (0.01428761 -0.01528571 0.00000000) (0.01155850 -0.01376495 0.00000000) (0.00891419 -0.01210133 0.00000000) (0.00639214 -0.01025812 0.00000000) (0.00405717 -0.00818394 0.00000000) (0.00203833 -0.00580346 0.00000000) (0.00056337 -0.00305774 0.00000000))
	arc 4 10 (-20.91320344 -21.21320344 0.01000000) // arc 4 10 origin 1 (0.30000000 0.00000000 0.01000000)
		spline 11 5 ((0.30034696 -0.05815749 0.01000000) (0.29722509 -0.05803293 0.01000000) (0.29410345 -0.05790239 0.01000000) (0.29098207 -0.05776600 0.01000000) (0.28786094 -0.05762389 0.01000000) (0.28474007 -0.05747616 0.01000000) (0.28161947 -0.05732292 0.01000000) (0.27849913 -0.05716426 0.01000000) (0.27537908 -0.05700026 0.01000000) (0.27225930 -0.05683100 0.01000000) (0.26913981 -0.05665658 0.01000000) (0.26602061 -0.05647707 0.01000000) (0.26290170 -0.05629255 0.01000000) (0.25978309 -0.05610305 0.01000000) (0.25666479 -0.05590859 0.01000000) (0.25354680 -0.05570917 0.01000000) (0.25042913 -0.05550478 0.01000000) (0.24731179 -0.05529541 0.01000000) (0.24419479 -0.05508107 0.01000000) (0.24107813 -0.05486174 0.01000000) (0.23796183 -0.05463743 0.01000000) (0.23484590 -0.05440812 0.01000000) (0.23173033 -0.05417381 0.01000000) (0.22861515 -0.05393450 0.01000000) (0.22550035 -0.05369018 0.01000000) (0.22238596 -0.05344084 0.01000000) (0.21927197 -0.05318646 0.01000000) (0.21615840 -0.05292698 0.01000000) (0.21304526 -0.05266234 0.01000000) (0.20993258 -0.05239245 0.01000000) (0.20682036 -0.05211724 0.01000000) (0.20370863 -0.05183662 0.01000000) (0.20059739 -0.05155054 0.01000000) (0.19748667 -0.05125891 0.01000000) (0.19437647 -0.05096169 0.01000000) (0.19126683 -0.05065880 0.01000000) (0.18815774 -0.05035020 0.01000000) (0.18504924 -0.05003583 0.01000000) (0.18194133 -0.04971563 0.01000000) (0.17883403 -0.04938952 0.01000000) (0.17572737 -0.04905742 0.01000000) (0.17262136 -0.04871924 0.01000000) (0.16951603 -0.04837488 0.01000000) (0.16641141 -0.04802425 0.01000000) (0.16330751 -0.04766726 0.01000000) (0.16020436 -0.04730380 0.01000000) (0.15710199 -0.04693375 0.01000000) (0.15400043 -0.04655697 0.01000000) (0.15089970 -0.04617334 0.01000000) (0.14779985 -0.04578273 0.01000000) (0.14470091 -0.04538501 0.01000000) (0.14160291 -0.04498000 0.01000000) (0.13850590 -0.04456750 0.01000000) (0.13540992 -0.04414730 0.01000000) (0.13231503 -0.04371918 0.01000000) (0.12922127 -0.04328294 0.01000000) (0.12612870 -0.04283837 0.01000000) (0.12303736 -0.04238525 0.01000000) (0.11994733 -0.04192337 0.01000000) (0.11685865 -0.04145251 0.01000000) (0.11377139 -0.04097245 0.01000000) (0.11068561 -0.04048296 0.01000000) (0.10760139 -0.03998374 0.01000000) (0.10451881 -0.03947448 0.01000000) (0.10143796 -0.03895486 0.01000000) (0.09835893 -0.03842456 0.01000000) (0.09528182 -0.03788319 0.01000000) (0.09220677 -0.03733029 0.01000000) (0.08913392 -0.03676528 0.01000000) (0.08606341 -0.03618764 0.01000000) (0.08299542 -0.03559681 0.01000000) (0.07993013 -0.03499215 0.01000000) (0.07686775 -0.03437288 0.01000000) (0.07380852 -0.03373823 0.01000000) (0.07075269 -0.03308742 0.01000000) (0.06770054 -0.03241956 0.01000000) (0.06465242 -0.03173357 0.01000000) (0.06160870 -0.03102825 0.01000000) (0.05856980 -0.03030249 0.01000000) (0.05553619 -0.02955491 0.01000000) (0.05250848 -0.02878380 0.01000000) (0.04948734 -0.02798733 0.01000000) (0.04647349 -0.02716368 0.01000000) (0.04346786 -0.02631055 0.01000000) (0.04047156 -0.02542519 0.01000000) (0.03748580 -0.02450492 0.01000000) (0.03451211 -0.02354638 0.01000000) (0.03155249 -0.02254523 0.01000000) (0.02860923 -0.02149697 0.01000000) (0.02568532 -0.02039589 0.01000000) (0.02278499 -0.01923415 0.01000000) (0.01991324 -0.01800348 0.01000000) (0.01707745 -0.01669212 0.01000000) (0.01428761 -0.01528571 0.01000000) (0.01155850 -0.01376495 0.01000000) (0.00891419 -0.01210133 0.01000000) (0.00639214 -0.01025812 0.01000000) (0.00405717 -0.00818394 0.01000000) (0.00203833 -0.00580346 0.01000000) (0.00056337 -0.00305774 0.01000000))
		spline 2 12 ((0.30337839 0.05936145 0.00000000) (0.31035468 0.05971259 0.00000000) (0.31733193 0.06004420 0.00000000) (0.32431008 0.06035637 0.00000000) (0.33128907 0.06064922 0.00000000) (0.33826883 0.06092287 0.00000000) (0.34524932 0.06117747 0.00000000) (0.35223047 0.06141316 0.00000000) (0.35921223 0.06163010 0.00000000) (0.36619454 0.06182841 0.00000000) (0.37317735 0.06200817 0.00000000) (0.38016062 0.06216946 0.00000000) (0.38714428 0.06231239 0.00000000) (0.39412830 0.06243707 0.00000000) (0.40111261 0.06254360 0.00000000) (0.40809718 0.06263207 0.00000000) (0.41508195 0.06270247 0.00000000) (0.42206689 0.06275470 0.00000000) (0.42905193 0.06278869 0.00000000) (0.43603704 0.06280424 0.00000000) (0.44302217 0.06280102 0.00000000) (0.45000726 0.06277870 0.00000000) (0.45699226 0.06273692 0.00000000) (0.46397712 0.06267534 0.00000000) (0.47096177 0.06259359 0.00000000) (0.47794615 0.06249131 0.00000000) (0.48493019 0.06236811 0.00000000) (0.49191382 0.06222358 0.00000000) (0.49889697 0.06205729 0.00000000) (0.50587956 0.06186882 0.00000000) (0.51286150 0.06165784 0.00000000) (0.51984271 0.06142407 0.00000000) (0.52682312 0.06116720 0.00000000) (0.53380262 0.06088694 0.00000000) (0.54078113 0.06058306 0.00000000) (0.54775857 0.06025529 0.00000000) (0.55473483 0.05990341 0.00000000) (0.56170983 0.05952737 0.00000000) (0.56868348 0.05912721 0.00000000) (0.57565571 0.05870294 0.00000000) (0.58262646 0.05825485 0.00000000) (0.58959566 0.05778346 0.00000000) (0.59656329 0.05728941 0.00000000) (0.60352933 0.05677327 0.00000000) (0.61049373 0.05623562 0.00000000) (0.61745649 0.05567702 0.00000000) (0.62441758 0.05509803 0.00000000) (0.63137699 0.05449919 0.00000000) (0.63833471 0.05388106 0.00000000) (0.64529075 0.05324419 0.00000000) (0.65224508 0.05258906 0.00000000) (0.65919771 0.05191596 0.00000000) (0.66614859 0.05122513 0.00000000) (0.67309771 0.05051680 0.00000000) (0.68004505 0.04979125 0.00000000) (0.68699061 0.04904877 0.00000000) (0.69393436 0.04828964 0.00000000) (0.70087630 0.04751409 0.00000000) (0.70781640 0.04672227 0.00000000) (0.71475464 0.04591428 0.00000000) (0.72169099 0.04509025 0.00000000) (0.72862543 0.04425028 0.00000000) (0.73555793 0.04339446 0.00000000) (0.74248848 0.04252291 0.00000000) (0.74941706 0.04163596 0.00000000) (0.75634371 0.04073395 0.00000000) (0.76326841 0.03981722 0.00000000) (0.77019117 0.03888583 0.00000000) (0.77711194 0.03793980 0.00000000) (0.78403069 0.03697917 0.00000000) (0.79094744 0.03600421 0.00000000) (0.79786221 0.03501524 0.00000000) (0.80477500 0.03401257 0.00000000) (0.81168580 0.03299632 0.00000000) (0.81859461 0.03196658 0.00000000) (0.82550142 0.03092354 0.00000000) (0.83240626 0.02986753 0.00000000) (0.83930917 0.02879892 0.00000000) (0.84621015 0.02771796 0.00000000) (0.85310920 0.02662475 0.00000000) (0.86000630 0.02551934 0.00000000) (0.86690141 0.02440156 0.00000000) (0.87379447 0.02327119 0.00000000) (0.88068545 0.02212820 0.00000000) (0.88757436 0.02097282 0.00000000) (0.89446120 0.01980517 0.00000000) (0.90134589 0.01862490 0.00000000) (0.90823056 0.01744448 0.00000000) (0.91511614 0.01626945 0.00000000) (0.92200239 0.01509829 0.00000000) (0.92888880 0.01392809 0.00000000) (0.93577473 0.01275510 0.00000000) (0.94265950 0.01157529 0.00000000) (0.94954237 0.01038446 0.00000000) (0.95642258 0.00917834 0.00000000) (0.96329907 0.00795119 0.00000000) (0.97017072 0.00669726 0.00000000) (0.97703669 0.00541257 0.00000000) (0.98389584 0.00409202 0.00000000) (0.99074731 0.00273217 0.00000000))
		spline 6 14 ((0.30337839 0.05936145 0.01000000) (0.31035468 0.05971259 0.01000000) (0.31733193 0.06004420 0.01000000) (0.32431008 0.06035637 0.01000000) (0.33128907 0.06064922 0.01000000) (0.33826883 0.06092287 0.01000000) (0.34524932 0.06117747 0.01000000) (0.35223047 0.06141316 0.01000000) (0.35921223 0.06163010 0.01000000) (0.36619454 0.06182841 0.01000000) (0.37317735 0.06200817 0.01000000) (0.38016062 0.06216946 0.01000000) (0.38714428 0.06231239 0.01000000) (0.39412830 0.06243707 0.01000000) (0.40111261 0.06254360 0.01000000) (0.40809718 0.06263207 0.01000000) (0.41508195 0.06270247 0.01000000) (0.42206689 0.06275470 0.01000000) (0.42905193 0.06278869 0.01000000) (0.43603704 0.06280424 0.01000000) (0.44302217 0.06280102 0.01000000) (0.45000726 0.06277870 0.01000000) (0.45699226 0.06273692 0.01000000) (0.46397712 0.06267534 0.01000000) (0.47096177 0.06259359 0.01000000) (0.47794615 0.06249131 0.01000000) (0.48493019 0.06236811 0.01000000) (0.49191382 0.06222358 0.01000000) (0.49889697 0.06205729 0.01000000) (0.50587956 0.06186882 0.01000000) (0.51286150 0.06165784 0.01000000) (0.51984271 0.06142407 0.01000000) (0.52682312 0.06116720 0.01000000) (0.53380262 0.06088694 0.01000000) (0.54078113 0.06058306 0.01000000) (0.54775857 0.06025529 0.01000000) (0.55473483 0.05990341 0.01000000) (0.56170983 0.05952737 0.01000000) (0.56868348 0.05912721 0.01000000) (0.57565571 0.05870294 0.01000000) (0.58262646 0.05825485 0.01000000) (0.58959566 0.05778346 0.01000000) (0.59656329 0.05728941 0.01000000) (0.60352933 0.05677327 0.01000000) (0.61049373 0.05623562 0.01000000) (0.61745649 0.05567702 0.01000000) (0.62441758 0.05509803 0.01000000) (0.63137699 0.05449919 0.01000000) (0.63833471 0.05388106 0.01000000) (0.64529075 0.05324419 0.01000000) (0.65224508 0.05258906 0.01000000) (0.65919771 0.05191596 0.01000000) (0.66614859 0.05122513 0.01000000) (0.67309771 0.05051680 0.01000000) (0.68004505 0.04979125 0.01000000) (0.68699061 0.04904877 0.01000000) (0.69393436 0.04828964 0.01000000) (0.70087630 0.04751409 0.01000000) (0.70781640 0.04672227 0.01000000) (0.71475464 0.04591428 0.01000000) (0.72169099 0.04509025 0.01000000) (0.72862543 0.04425028 0.01000000) (0.73555793 0.04339446 0.01000000) (0.74248848 0.04252291 0.01000000) (0.74941706 0.04163596 0.01000000) (0.75634371 0.04073395 0.01000000) (0.76326841 0.03981722 0.01000000) (0.77019117 0.03888583 0.01000000) (0.77711194 0.03793980 0.01000000) (0.78403069 0.03697917 0.01000000) (0.79094744 0.03600421 0.01000000) (0.79786221 0.03501524 0.01000000) (0.80477500 0.03401257 0.01000000) (0.81168580 0.03299632 0.01000000) (0.81859461 0.03196658 0.01000000) (0.82550142 0.03092354 0.01000000) (0.83240626 0.02986753 0.01000000) (0.83930917 0.02879892 0.01000000) (0.84621015 0.02771796 0.01000000) (0.85310920 0.02662475 0.01000000) (0.86000630 0.02551934 0.01000000) (0.86690141 0.02440156 0.01000000) (0.87379447 0.02327119 0.01000000) (0.88068545 0.02212820 0.01000000) (0.88757436 0.02097282 0.01000000) (0.89446120 0.01980517 0.01000000) (0.90134589 0.01862490 0.01000000) (0.90823056 0.01744448 0.01000000) (0.91511614 0.01626945 0.01000000) (0.92200239 0.01509829 0.01000000) (0.92888880 0.01392809 0.01000000) (0.93577473 0.01275510 0.01000000) (0.94265950 0.01157529 0.01000000) (0.94954237 0.01038446 0.01000000) (0.95642258 0.00917834 0.01000000) (0.96329907 0.00795119 0.01000000) (0.97017072 0.00669726 0.01000000) (0.97703669 0.00541257 0.01000000) (0.98389584 0.00409202 0.01000000) (0.99074731 0.00273217 0.01000000))
		spline 9 17 ((0.31037725 -0.05851576 0.00000000) (0.31728211 -0.05872364 0.00000000) (0.32418788 -0.05889821 0.00000000) (0.33109445 -0.05903795 0.00000000) (0.33800166 -0.05914144 0.00000000) (0.34490932 -0.05920769 0.00000000) (0.35181724 -0.05923587 0.00000000) (0.35872522 -0.05922518 0.00000000) (0.36563302 -0.05917495 0.00000000) (0.37254041 -0.05908467 0.00000000) (0.37944715 -0.05895385 0.00000000) (0.38635300 -0.05878216 0.00000000) (0.39325772 -0.05856977 0.00000000) (0.40016107 -0.05831693 0.00000000) (0.40706284 -0.05802394 0.00000000) (0.41396281 -0.05769130 0.00000000) (0.42086079 -0.05731968 0.00000000) (0.42775660 -0.05690973 0.00000000) (0.43465007 -0.05646225 0.00000000) (0.44154108 -0.05597829 0.00000000) (0.44842951 -0.05545897 0.00000000) (0.45531528 -0.05490538 0.00000000) (0.46219831 -0.05431878 0.00000000) (0.46907856 -0.05370047 0.00000000) (0.47595602 -0.05305180 0.00000000) (0.48283068 -0.05237409 0.00000000) (0.48970256 -0.05166882 0.00000000) (0.49657172 -0.05093744 0.00000000) (0.50343820 -0.05018142 0.00000000) (0.51030211 -0.04940229 0.00000000) (0.51716353 -0.04860161 0.00000000) (0.52402259 -0.04778096 0.00000000) (0.53087942 -0.04694184 0.00000000) (0.53773411 -0.04608551 0.00000000) (0.54458679 -0.04521311 0.00000000) (0.55143754 -0.04432579 0.00000000) (0.55828650 -0.04342470 0.00000000) (0.56513378 -0.04251093 0.00000000) (0.57197950 -0.04158561 0.00000000) (0.57882380 -0.04064980 0.00000000) (0.58566679 -0.03970445 0.00000000) (0.59250858 -0.03875042 0.00000000) (0.59934927 -0.03778859 0.00000000) (0.60618898 -0.03681978 0.00000000) (0.61302781 -0.03584483 0.00000000) (0.61986588 -0.03486454 0.00000000) (0.62670330 -0.03387971 0.00000000) (0.63354018 -0.03289113 0.00000000) (0.64037662 -0.03189957 0.00000000) (0.64721275 -0.03090578 0.00000000) (0.65404866 -0.02991058 0.00000000) (0.66088450 -0.02891484 0.00000000) (0.66772039 -0.02791945 0.00000000) (0.67455646 -0.02692530 0.00000000) (0.68139283 -0.02593322 0.00000000) (0.68822963 -0.02494408 0.00000000) (0.69506697 -0.02395870 0.00000000) (0.70190497 -0.02297796 0.00000000) (0.70874377 -0.02200275 0.00000000) (0.71558348 -0.02103395 0.00000000) (0.72242422 -0.02007249 0.00000000) (0.72926613 -0.01911936 0.00000000) (0.73610933 -0.01817556 0.00000000) (0.74295395 -0.01724209 0.00000000) (0.74980011 -0.01631995 0.00000000) (0.75664792 -0.01541014 0.00000000) (0.76349747 -0.01451362 0.00000000) (0.77034884 -0.01363107 0.00000000) (0.77720208 -0.01276312 0.00000000) (0.78405723 -0.01191039 0.00000000) (0.79091432 -0.01107350 0.00000000) (0.79777341 -0.01025306 0.00000000) (0.80463452 -0.00944976 0.00000000) (0.81149773 -0.00866450 0.00000000) (0.81836308 -0.00789825 0.00000000) (0.82523064 -0.00715206 0.00000000) (0.83210046 -0.00642703 0.00000000) (0.83897261 -0.00572432 0.00000000) (0.84584712 -0.00504519 0.00000000) (0.85272406 -0.00439108 0.00000000) (0.85960346 -0.00376337 0.00000000) (0.86648534 -0.00316349 0.00000000) (0.87336971 -0.00259280 0.00000000) (0.88025656 -0.00205304 0.00000000) (0.88714593 -0.00154631 0.00000000) (0.89403780 -0.00107480 0.00000000) (0.90093212 -0.00064065 0.00000000) (0.90782946 -0.00025768 0.00000000) (0.91472992 0.00006420 0.00000000) (0.92163299 0.00032431 0.00000000) (0.92853810 0.00052283 0.00000000) (0.93544469 0.00066070 0.00000000) (0.94235221 0.00073869 0.00000000) (0.94926015 0.00075740 0.00000000) (0.95616800 0.00071691 0.00000000) (0.96307525 0.00061803 0.00000000) (0.96998146 0.00046228 0.00000000) (0.97688622 0.00025181 0.00000000) (0.98378922 -0.00000997 0.00000000) (0.99069023 -0.00031994 0.00000000))
		spline 11 19 ((0.31037725 -0.05851576 0.01000000) (0.31728211 -0.05872364 0.01000000) (0.32418788 -0.05889821 0.01000000) (0.33109445 -0.05903795 0.01000000) (0.33800166 -0.05914144 0.01000000) (0.34490932 -0.05920769 0.01000000) (0.35181724 -0.05923587 0.01000000) (0.35872522 -0.05922518 0.01000000) (0.36563302 -0.05917495 0.01000000) (0.37254041 -0.05908467 0.01000000) (0.37944715 -0.05895385 0.01000000) (0.38635300 -0.05878216 0.01000000) (0.39325772 -0.05856977 0.01000000) (0.40016107 -0.05831693 0.01000000) (0.40706284 -0.05802394 0.01000000) (0.41396281 -0.05769130 0.01000000) (0.42086079 -0.05731968 0.01000000) (0.42775660 -0.05690973 0.01000000) (0.43465007 -0.05646225 0.01000000) (0.44154108 -0.05597829 0.01000000) (0.44842951 -0.05545897 0.01000000) (0.45531528 -0.05490538 0.01000000) (0.46219831 -0.05431878 0.01000000) (0.46907856 -0.05370047 0.01000000) (0.47595602 -0.05305180 0.01000000) (0.48283068 -0.05237409 0.01000000) (0.48970256 -0.05166882 0.01000000) (0.49657172 -0.05093744 0.01000000) (0.50343820 -0.05018142 0.01000000) (0.51030211 -0.04940229 0.01000000) (0.51716353 -0.04860161 0.01000000) (0.52402259 -0.04778096 0.01000000) (0.53087942 -0.04694184 0.01000000) (0.53773411 -0.04608551 0.01000000) (0.54458679 -0.04521311 0.01000000) (0.55143754 -0.04432579 0.01000000) (0.55828650 -0.04342470 0.01000000) (0.56513378 -0.04251093 0.01000000) (0.57197950 -0.04158561 0.01000000) (0.57882380 -0.04064980 0.01000000) (0.58566679 -0.03970445 0.01000000) (0.59250858 -0.03875042 0.01000000) (0.59934927 -0.03778859 0.01000000) (0.60618898 -0.03681978 0.01000000) (0.61302781 -0.03584483 0.01000000) (0.61986588 -0.03486454 0.01000000) (0.62670330 -0.03387971 0.01000000) (0.63354018 -0.03289113 0.01000000) (0.64037662 -0.03189957 0.01000000) (0.64721275 -0.03090578 0.01000000) (0.65404866 -0.02991058 0.01000000) (0.66088450 -0.02891484 0.01000000) (0.66772039 -0.02791945 0.01000000) (0.67455646 -0.02692530 0.01000000) (0.68139283 -0.02593322 0.01000000) (0.68822963 -0.02494408 0.01000000) (0.69506697 -0.02395870 0.01000000) (0.70190497 -0.02297796 0.01000000) (0.70874377 -0.02200275 0.01000000) (0.71558348 -0.02103395 0.01000000) (0.72242422 -0.02007249 0.01000000) (0.72926613 -0.01911936 0.01000000) (0.73610933 -0.01817556 0.01000000) (0.74295395 -0.01724209 0.01000000) (0.74980011 -0.01631995 0.01000000) (0.75664792 -0.01541014 0.01000000) (0.76349747 -0.01451362 0.01000000) (0.77034884 -0.01363107 0.01000000) (0.77720208 -0.01276312 0.01000000) (0.78405723 -0.01191039 0.01000000) (0.79091432 -0.01107350 0.01000000) (0.79777341 -0.01025306 0.01000000) (0.80463452 -0.00944976 0.01000000) (0.81149773 -0.00866450 0.01000000) (0.81836308 -0.00789825 0.01000000) (0.82523064 -0.00715206 0.01000000) (0.83210046 -0.00642703 0.01000000) (0.83897261 -0.00572432 0.01000000) (0.84584712 -0.00504519 0.01000000) (0.85272406 -0.00439108 0.01000000) (0.85960346 -0.00376337 0.01000000) (0.86648534 -0.00316349 0.01000000) (0.87336971 -0.00259280 0.01000000) (0.88025656 -0.00205304 0.01000000) (0.88714593 -0.00154631 0.01000000) (0.89403780 -0.00107480 0.01000000) (0.90093212 -0.00064065 0.01000000) (0.90782946 -0.00025768 0.01000000) (0.91472992 0.00006420 0.01000000) (0.92163299 0.00032431 0.01000000) (0.92853810 0.00052283 0.01000000) (0.93544469 0.00066070 0.01000000) (0.94235221 0.00073869 0.01000000) (0.94926015 0.00075740 0.01000000) (0.95616800 0.00071691 0.01000000) (0.96307525 0.00061803 0.01000000) (0.96998146 0.00046228 0.01000000) (0.97688622 0.00025181 0.01000000) (0.98378922 -0.00000997 0.01000000) (0.99069023 -0.00031994 0.01000000))
);

boundary
(
	symmetry1
	{
		type symmetry;
		faces
		(
			(17 16 24 25)
			(12 17 25 20)
			(2 12 13 3)
			(0 1 2 3)
			(9 8 16 17)
			(12 20 21 13)
			(0 8 9 1)
		);
	}

	symmetry2
	{
		type symmetry;
		faces
		(
			(6 14 15 7)
			(11 10 18 19)
			(14 22 23 15)
			(4 10 11 5)
			(14 19 27 22)
			(19 18 26 27)
			(4 5 6 7)
		);
	}

	wing
	{
		type wall;
		faces
		(
			(6 14 12 2)
			(5 11 9 1)
			(11 9 17 19)
			(5 1 2 6)
			(14 19 17 12)
		);
	}

	inout
	{
		type patch;
		faces
		(
			(7 15 13 3)
			(4 0 3 7)
			(4 10 8 0)
			(18 16 24 26)
			(27 26 24 25)
			(22 27 25 20)
			(15 23 21 13)
			(22 20 21 23)
			(10 8 16 18)
		);
	}

);

faces
(
);

mergePatchPairs
(
);

scale 1;

// * * * * * * * * * * * * * * * * * * * * * * * * * * * * * * * * * * * * * //
// Created with classy_blocks: https://github.com/damogranlabs/classy_blocks //
// * * * * * * * * * * * * * * * * * * * * * * * * * * * * * * * * * * * * * //
